<?xml version="1.0"?>
<opencv_storage>
<intrinsic type_id="opencv-matrix">
  <rows>3</rows>
  <cols>3</cols>
  <dt>f</dt>
  <data>
    6.52752410e+02 0. 6.1428742e+02 0. 6.4728586e+02 3.0127593e+02 0.
    0. 1.</data></intrinsic>
<rotation type_id="opencv-matrix">
  <rows>1</rows>
  <cols>3</cols>
  <dt>f</dt>
  <data>
    -2.08252740e+00 -1.98663044e+00 5.17821908e-01</data></rotation>
<translation type_id="opencv-matrix">
  <rows>1</rows>
  <cols>3</cols>
  <dt>f</dt>
  <data>
    -2.98327728e+02 -7.38887558e+01 1.42468237e+03</data></translation>
<distortion type_id="opencv-matrix">
  <rows>1</rows>
  <cols>4</cols>
  <dt>f</dt>
  <data>
    0.12675 -0.21606 0.00627 0.01206</data></distortion>
<object_points type_id="opencv-matrix">
  <rows>700</rows>
  <cols>3</cols>
  <dt>f</dt>
  <data>
    0. 0. 0. 0. 68. 0. 0. 136. 0. 0. 204. 0. 0. 272. 0. 0. 340. 0. 0.
    408. 0. 0. 476. 0. 0. 544. 0. 0. 612. 0. 68. 0. 0. 68. 68. 0. 68.
    136. 0. 68. 204. 0. 68. 272. 0. 68. 340. 0. 68. 408. 0. 68. 476. 0.
    68. 544. 0. 68. 612. 0. 136. 0. 0. 136. 68. 0. 136. 136. 0. 136.
    204. 0. 136. 272. 0. 136. 340. 0. 136. 408. 0. 136. 476. 0. 136.
    544. 0. 136. 612. 0. 204. 0. 0. 204. 68. 0. 204. 136. 0. 204. 204.
    0. 204. 272. 0. 204. 340. 0. 204. 408. 0. 204. 476. 0. 204. 544. 0.
    204. 612. 0. 272. 0. 0. 272. 68. 0. 272. 136. 0. 272. 204. 0. 272.
    272. 0. 272. 340. 0. 272. 408. 0. 272. 476. 0. 272. 544. 0. 272.
    612. 0. 340. 0. 0. 340. 68. 0. 340. 136. 0. 340. 204. 0. 340. 272.
    0. 340. 340. 0. 340. 408. 0. 340. 476. 0. 340. 544. 0. 340. 612. 0.
    408. 0. 0. 408. 68. 0. 408. 136. 0. 408. 204. 0. 408. 272. 0. 408.
    340. 0. 408. 408. 0. 408. 476. 0. 408. 544. 0. 408. 612. 0. 0. 0. 0.
    0. 68. 0. 0. 136. 0. 0. 204. 0. 0. 272. 0. 0. 340. 0. 0. 408. 0. 0.
    476. 0. 0. 544. 0. 0. 612. 0. 68. 0. 0. 68. 68. 0. 68. 136. 0. 68.
    204. 0. 68. 272. 0. 68. 340. 0. 68. 408. 0. 68. 476. 0. 68. 544. 0.
    68. 612. 0. 136. 0. 0. 136. 68. 0. 136. 136. 0. 136. 204. 0. 136.
    272. 0. 136. 340. 0. 136. 408. 0. 136. 476. 0. 136. 544. 0. 136.
    612. 0. 204. 0. 0. 204. 68. 0. 204. 136. 0. 204. 204. 0. 204. 272.
    0. 204. 340. 0. 204. 408. 0. 204. 476. 0. 204. 544. 0. 204. 612. 0.
    272. 0. 0. 272. 68. 0. 272. 136. 0. 272. 204. 0. 272. 272. 0. 272.
    340. 0. 272. 408. 0. 272. 476. 0. 272. 544. 0. 272. 612. 0. 340. 0.
    0. 340. 68. 0. 340. 136. 0. 340. 204. 0. 340. 272. 0. 340. 340. 0.
    340. 408. 0. 340. 476. 0. 340. 544. 0. 340. 612. 0. 408. 0. 0. 408.
    68. 0. 408. 136. 0. 408. 204. 0. 408. 272. 0. 408. 340. 0. 408. 408.
    0. 408. 476. 0. 408. 544. 0. 408. 612. 0. 0. 0. 0. 0. 68. 0. 0. 136.
    0. 0. 204. 0. 0. 272. 0. 0. 340. 0. 0. 408. 0. 0. 476. 0. 0. 544. 0.
    0. 612. 0. 68. 0. 0. 68. 68. 0. 68. 136. 0. 68. 204. 0. 68. 272. 0.
    68. 340. 0. 68. 408. 0. 68. 476. 0. 68. 544. 0. 68. 612. 0. 136. 0.
    0. 136. 68. 0. 136. 136. 0. 136. 204. 0. 136. 272. 0. 136. 340. 0.
    136. 408. 0. 136. 476. 0. 136. 544. 0. 136. 612. 0. 204. 0. 0. 204.
    68. 0. 204. 136. 0. 204. 204. 0. 204. 272. 0. 204. 340. 0. 204. 408.
    0. 204. 476. 0. 204. 544. 0. 204. 612. 0. 272. 0. 0. 272. 68. 0.
    272. 136. 0. 272. 204. 0. 272. 272. 0. 272. 340. 0. 272. 408. 0.
    272. 476. 0. 272. 544. 0. 272. 612. 0. 340. 0. 0. 340. 68. 0. 340.
    136. 0. 340. 204. 0. 340. 272. 0. 340. 340. 0. 340. 408. 0. 340.
    476. 0. 340. 544. 0. 340. 612. 0. 408. 0. 0. 408. 68. 0. 408. 136.
    0. 408. 204. 0. 408. 272. 0. 408. 340. 0. 408. 408. 0. 408. 476. 0.
    408. 544. 0. 408. 612. 0. 0. 0. 0. 0. 68. 0. 0. 136. 0. 0. 204. 0.
    0. 272. 0. 0. 340. 0. 0. 408. 0. 0. 476. 0. 0. 544. 0. 0. 612. 0.
    68. 0. 0. 68. 68. 0. 68. 136. 0. 68. 204. 0. 68. 272. 0. 68. 340. 0.
    68. 408. 0. 68. 476. 0. 68. 544. 0. 68. 612. 0. 136. 0. 0. 136. 68.
    0. 136. 136. 0. 136. 204. 0. 136. 272. 0. 136. 340. 0. 136. 408. 0.
    136. 476. 0. 136. 544. 0. 136. 612. 0. 204. 0. 0. 204. 68. 0. 204.
    136. 0. 204. 204. 0. 204. 272. 0. 204. 340. 0. 204. 408. 0. 204.
    476. 0. 204. 544. 0. 204. 612. 0. 272. 0. 0. 272. 68. 0. 272. 136.
    0. 272. 204. 0. 272. 272. 0. 272. 340. 0. 272. 408. 0. 272. 476. 0.
    272. 544. 0. 272. 612. 0. 340. 0. 0. 340. 68. 0. 340. 136. 0. 340.
    204. 0. 340. 272. 0. 340. 340. 0. 340. 408. 0. 340. 476. 0. 340.
    544. 0. 340. 612. 0. 408. 0. 0. 408. 68. 0. 408. 136. 0. 408. 204.
    0. 408. 272. 0. 408. 340. 0. 408. 408. 0. 408. 476. 0. 408. 544. 0.
    408. 612. 0. 0. 0. 0. 0. 68. 0. 0. 136. 0. 0. 204. 0. 0. 272. 0. 0.
    340. 0. 0. 408. 0. 0. 476. 0. 0. 544. 0. 0. 612. 0. 68. 0. 0. 68.
    68. 0. 68. 136. 0. 68. 204. 0. 68. 272. 0. 68. 340. 0. 68. 408. 0.
    68. 476. 0. 68. 544. 0. 68. 612. 0. 136. 0. 0. 136. 68. 0. 136. 136.
    0. 136. 204. 0. 136. 272. 0. 136. 340. 0. 136. 408. 0. 136. 476. 0.
    136. 544. 0. 136. 612. 0. 204. 0. 0. 204. 68. 0. 204. 136. 0. 204.
    204. 0. 204. 272. 0. 204. 340. 0. 204. 408. 0. 204. 476. 0. 204.
    544. 0. 204. 612. 0. 272. 0. 0. 272. 68. 0. 272. 136. 0. 272. 204.
    0. 272. 272. 0. 272. 340. 0. 272. 408. 0. 272. 476. 0. 272. 544. 0.
    272. 612. 0. 340. 0. 0. 340. 68. 0. 340. 136. 0. 340. 204. 0. 340.
    272. 0. 340. 340. 0. 340. 408. 0. 340. 476. 0. 340. 544. 0. 340.
    612. 0. 408. 0. 0. 408. 68. 0. 408. 136. 0. 408. 204. 0. 408. 272.
    0. 408. 340. 0. 408. 408. 0. 408. 476. 0. 408. 544. 0. 408. 612. 0.
    0. 0. 0. 0. 68. 0. 0. 136. 0. 0. 204. 0. 0. 272. 0. 0. 340. 0. 0.
    408. 0. 0. 476. 0. 0. 544. 0. 0. 612. 0. 68. 0. 0. 68. 68. 0. 68.
    136. 0. 68. 204. 0. 68. 272. 0. 68. 340. 0. 68. 408. 0. 68. 476. 0.
    68. 544. 0. 68. 612. 0. 136. 0. 0. 136. 68. 0. 136. 136. 0. 136.
    204. 0. 136. 272. 0. 136. 340. 0. 136. 408. 0. 136. 476. 0. 136.
    544. 0. 136. 612. 0. 204. 0. 0. 204. 68. 0. 204. 136. 0. 204. 204.
    0. 204. 272. 0. 204. 340. 0. 204. 408. 0. 204. 476. 0. 204. 544. 0.
    204. 612. 0. 272. 0. 0. 272. 68. 0. 272. 136. 0. 272. 204. 0. 272.
    272. 0. 272. 340. 0. 272. 408. 0. 272. 476. 0. 272. 544. 0. 272.
    612. 0. 340. 0. 0. 340. 68. 0. 340. 136. 0. 340. 204. 0. 340. 272.
    0. 340. 340. 0. 340. 408. 0. 340. 476. 0. 340. 544. 0. 340. 612. 0.
    408. 0. 0. 408. 68. 0. 408. 136. 0. 408. 204. 0. 408. 272. 0. 408.
    340. 0. 408. 408. 0. 408. 476. 0. 408. 544. 0. 408. 612. 0. 0. 0. 0.
    0. 68. 0. 0. 136. 0. 0. 204. 0. 0. 272. 0. 0. 340. 0. 0. 408. 0. 0.
    476. 0. 0. 544. 0. 0. 612. 0. 68. 0. 0. 68. 68. 0. 68. 136. 0. 68.
    204. 0. 68. 272. 0. 68. 340. 0. 68. 408. 0. 68. 476. 0. 68. 544. 0.
    68. 612. 0. 136. 0. 0. 136. 68. 0. 136. 136. 0. 136. 204. 0. 136.
    272. 0. 136. 340. 0. 136. 408. 0. 136. 476. 0. 136. 544. 0. 136.
    612. 0. 204. 0. 0. 204. 68. 0. 204. 136. 0. 204. 204. 0. 204. 272.
    0. 204. 340. 0. 204. 408. 0. 204. 476. 0. 204. 544. 0. 204. 612. 0.
    272. 0. 0. 272. 68. 0. 272. 136. 0. 272. 204. 0. 272. 272. 0. 272.
    340. 0. 272. 408. 0. 272. 476. 0. 272. 544. 0. 272. 612. 0. 340. 0.
    0. 340. 68. 0. 340. 136. 0. 340. 204. 0. 340. 272. 0. 340. 340. 0.
    340. 408. 0. 340. 476. 0. 340. 544. 0. 340. 612. 0. 408. 0. 0. 408.
    68. 0. 408. 136. 0. 408. 204. 0. 408. 272. 0. 408. 340. 0. 408. 408.
    0. 408. 476. 0. 408. 544. 0. 408. 612. 0. 0. 0. 0. 0. 68. 0. 0. 136.
    0. 0. 204. 0. 0. 272. 0. 0. 340. 0. 0. 408. 0. 0. 476. 0. 0. 544. 0.
    0. 612. 0. 68. 0. 0. 68. 68. 0. 68. 136. 0. 68. 204. 0. 68. 272. 0.
    68. 340. 0. 68. 408. 0. 68. 476. 0. 68. 544. 0. 68. 612. 0. 136. 0.
    0. 136. 68. 0. 136. 136. 0. 136. 204. 0. 136. 272. 0. 136. 340. 0.
    136. 408. 0. 136. 476. 0. 136. 544. 0. 136. 612. 0. 204. 0. 0. 204.
    68. 0. 204. 136. 0. 204. 204. 0. 204. 272. 0. 204. 340. 0. 204. 408.
    0. 204. 476. 0. 204. 544. 0. 204. 612. 0. 272. 0. 0. 272. 68. 0.
    272. 136. 0. 272. 204. 0. 272. 272. 0. 272. 340. 0. 272. 408. 0.
    272. 476. 0. 272. 544. 0. 272. 612. 0. 340. 0. 0. 340. 68. 0. 340.
    136. 0. 340. 204. 0. 340. 272. 0. 340. 340. 0. 340. 408. 0. 340.
    476. 0. 340. 544. 0. 340. 612. 0. 408. 0. 0. 408. 68. 0. 408. 136.
