%YAML:1.0
CM1: !!opencv-matrix
   rows: 3
   cols: 3
   dt: d
   data: [ 1.9931998913108370e+02, 0., 2.9921654131151121e+02, 0.,
       2.0004370526651192e+02, 1.9964985295637018e+02, 0., 0., 1. ]
CM2: !!opencv-matrix
   rows: 3
   cols: 3
   dt: d
   data: [ 2.0737916362374858e+02, 0., 3.0914373498611747e+02, 0.,
       2.0731118136831230e+02, 1.7717065294490871e+02, 0., 0., 1. ]
D1: !!opencv-matrix
   rows: 1
   cols: 5
   dt: d
   data: [ -4.5490629620310093e-02, -4.6482656977304563e-03, 0., 0.,
       1.2999379980155664e-03 ]
D2: !!opencv-matrix
   rows: 1
   cols: 5
   dt: d
   data: [ -4.1635770882440443e-02, -7.5041399573451979e-03, 0., 0.,
       1.7363100195454308e-03 ]
object_points: !!opencv-matrix
   rows: 700
   cols: 3
   dt: f
   data: [ 0., 0., 0., 0., 68., 0., 0., 136., 0., 0., 204., 0., 0., 272.,
       0., 0., 340., 0., 0., 408., 0., 0., 476., 0., 0., 544., 0., 0.,
       612., 0., 68., 0., 0., 68., 68., 0., 68., 136., 0., 68., 204., 0.,
       68., 272., 0., 68., 340., 0., 68., 408., 0., 68., 476., 0., 68.,
       544., 0., 68., 612., 0., 136., 0., 0., 136., 68., 0., 136., 136.,
       0., 136., 204., 0., 136., 272., 0., 136., 340., 0., 136., 408.,
       0., 136., 476., 0., 136., 544., 0., 136., 612., 0., 204., 0., 0.,
       204., 68., 0., 204., 136., 0., 204., 204., 0., 204., 272., 0.,
       204., 340., 0., 204., 408., 0., 204., 476., 0., 204., 544., 0.,
       204., 612., 0., 272., 0., 0., 272., 68., 0., 272., 136., 0., 272.,
       204., 0., 272., 272., 0., 272., 340., 0., 272., 408., 0., 272.,
       476., 0., 272., 544., 0., 272., 612., 0., 340., 0., 0., 340., 68.,
       0., 340., 136., 0., 340., 204., 0., 340., 272., 0., 340., 340.,
       0., 340., 408., 0., 340., 476., 0., 340., 544., 0., 340., 612.,
       0., 408., 0., 0., 408., 68., 0., 408., 136., 0., 408., 204., 0.,
       408., 272., 0., 408., 340., 0., 408., 408., 0., 408., 476., 0.,
       408., 544., 0., 408., 612., 0., 0., 0., 0., 0., 68., 0., 0., 136.,
       0., 0., 204., 0., 0., 272., 0., 0., 340., 0., 0., 408., 0., 0.,
       476., 0., 0., 544., 0., 0., 612., 0., 68., 0., 0., 68., 68., 0.,
       68., 136., 0., 68., 204., 0., 68., 272., 0., 68., 340., 0., 68.,
       408., 0., 68., 476., 0., 68., 544., 0., 68., 612., 0., 136., 0.,
       0., 136., 68., 0., 136., 136., 0., 136., 204., 0., 136., 272., 0.,
       136., 340., 0., 136., 408., 0., 136., 476., 0., 136., 544., 0.,
       136., 612., 0., 204., 0., 0., 204., 68., 0., 204., 136., 0., 204.,
       204., 0., 204., 272., 0., 204., 340., 0., 204., 408., 0., 204.,
       476., 0., 204., 544., 0., 204., 612., 0., 272., 0., 0., 272., 68.,
       0., 272., 136., 0., 272., 204., 0., 272., 272., 0., 272., 340.,
       0., 272., 408., 0., 272., 476., 0., 272., 544., 0., 272., 612.,
       0., 340., 0., 0., 340., 68., 0., 340., 136., 0., 340., 204., 0.,
       340., 272., 0., 340., 340., 0., 340., 408., 0., 340., 476., 0.,
       340., 544., 0., 340., 612., 0., 408., 0., 0., 408., 68., 0., 408.,
       136., 0., 408., 204., 0., 408., 272., 0., 408., 340., 0., 408.,
       408., 0., 408., 476., 0., 408., 544., 0., 408., 612., 0., 0., 0.,
       0., 0., 68., 0., 0., 136., 0., 0., 204., 0., 0., 272., 0., 0.,
       340., 0., 0., 408., 0., 0., 476., 0., 0., 544., 0., 0., 612., 0.,
       68., 0., 0., 68., 68., 0., 68., 136., 0., 68., 204., 0., 68.,
       272., 0., 68., 340., 0., 68., 408., 0., 68., 476., 0., 68., 544.,
       0., 68., 612., 0., 136., 0., 0., 136., 68., 0., 136., 136., 0.,
       136., 204., 0., 136., 272., 0., 136., 340., 0., 136., 408., 0.,
       136., 476., 0., 136., 544., 0., 136., 612., 0., 204., 0., 0.,
       204., 68., 0., 204., 136., 0., 204., 204., 0., 204., 272., 0.,
       204., 340., 0., 204., 408., 0., 204., 476., 0., 204., 544., 0.,
       204., 612., 0., 272., 0., 0., 272., 68., 0., 272., 136., 0., 272.,
       204., 0., 272., 272., 0., 272., 340., 0., 272., 408., 0., 272.,
       476., 0., 272., 544., 0., 272., 612., 0., 340., 0., 0., 340., 68.,
       0., 340., 136., 0., 340., 204., 0., 340., 272., 0., 340., 340.,
       0., 340., 408., 0., 340., 476., 0., 340., 544., 0., 340., 612.,
       0., 408., 0., 0., 408., 68., 0., 408., 136., 0., 408., 204., 0.,
       408., 272., 0., 408., 340., 0., 408., 408., 0., 408., 476., 0.,
       408., 544., 0., 408., 612., 0., 0., 0., 0., 0., 68., 0., 0., 136.,
       0., 0., 204., 0., 0., 272., 0., 0., 340., 0., 0., 408., 0., 0.,
       476., 0., 0., 544., 0., 0., 612., 0., 68., 0., 0., 68., 68., 0.,
       68., 136., 0., 68., 204., 0., 68., 272., 0., 68., 340., 0., 68.,
       408., 0., 68., 476., 0., 68., 544., 0., 68., 612., 0., 136., 0.,
       0., 136., 68., 0., 136., 136., 0., 136., 204., 0., 136., 272., 0.,
       136., 340., 0., 136., 408., 0., 136., 476., 0., 136., 544., 0.,
       136., 612., 0., 204., 0., 0., 204., 68., 0., 204., 136., 0., 204.,
       204., 0., 204., 272., 0., 204., 340., 0., 204., 408., 0., 204.,
       476., 0., 204., 544., 0., 204., 612., 0., 272., 0., 0., 272., 68.,
       0., 272., 136., 0., 272., 204., 0., 272., 272., 0., 272., 340.,
       0., 272., 408., 0., 272., 476., 0., 272., 544., 0., 272., 612.,
       0., 340., 0., 0., 340., 68., 0., 340., 136., 0., 340., 204., 0.,
       340., 272., 0., 340., 340., 0., 340., 408., 0., 340., 476., 0.,
       340., 544., 0., 340., 612., 0., 408., 0., 0., 408., 68., 0., 408.,
       136., 0., 408., 204., 0., 408., 272., 0., 408., 340., 0., 408.,
       408., 0., 408., 476., 0., 408., 544., 0., 408., 612., 0., 0., 0.,
       0., 0., 68., 0., 0., 136., 0., 0., 204., 0., 0., 272., 0., 0.,
       340., 0., 0., 408., 0., 0., 476., 0., 0., 544., 0., 0., 612., 0.,
       68., 0., 0., 68., 68., 0., 68., 136., 0., 68., 204., 0., 68.,
       272., 0., 68., 340., 0., 68., 408., 0., 68., 476., 0., 68., 544.,
       0., 68., 612., 0., 136., 0., 0., 136., 68., 0., 136., 136., 0.,
       136., 204., 0., 136., 272., 0., 136., 340., 0., 136., 408., 0.,
       136., 476., 0., 136., 544., 0., 136., 612., 0., 204., 0., 0.,
       204., 68., 0., 204., 136., 0., 204., 204., 0., 204., 272., 0.,
       204., 340., 0., 204., 408., 0., 204., 476., 0., 204., 544., 0.,
       204., 612., 0., 272., 0., 0., 272., 68., 0., 272., 136., 0., 272.,
       204., 0., 272., 272., 0., 272., 340., 0., 272., 408., 0., 272.,
       476., 0., 272., 544., 0., 272., 612., 0., 340., 0., 0., 340., 68.,
       0., 340., 136., 0., 340., 204., 0., 340., 272., 0., 340., 340.,
       0., 340., 408., 0., 340., 476., 0., 340., 544., 0., 340., 612.,
       0., 408., 0., 0., 408., 68., 0., 408., 136., 0., 408., 204., 0.,
       408., 272., 0., 408., 340., 0., 408., 408., 0., 408., 476., 0.,
       408., 544., 0., 408., 612., 0., 0., 0., 0., 0., 68., 0., 0., 136.,
       0., 0., 204., 0., 0., 272., 0., 0., 340., 0., 0., 408., 0., 0.,
       476., 0., 0., 544., 0., 0., 612., 0., 68., 0., 0., 68., 68., 0.,
       68., 136., 0., 68., 204., 0., 68., 272., 0., 68., 340., 0., 68.,
       408., 0., 68., 476., 0., 68., 544., 0., 68., 612., 0., 136., 0.,
       0., 136., 68., 0., 136., 136., 0., 136., 204., 0., 136., 272., 0.,
       136., 340., 0., 136., 408., 0., 136., 476., 0., 136., 544., 0.,
       136., 612., 0., 204., 0., 0., 204., 68., 0., 204., 136., 0., 204.,
       204., 0., 204., 272., 0., 204., 340., 0., 204., 408., 0., 204.,
       476., 0., 204., 544., 0., 204., 612., 0., 272., 0., 0., 272., 68.,
       0., 272., 136., 0., 272., 204., 0., 272., 272., 0., 272., 340.,
       0., 272., 408., 0., 272., 476., 0., 272., 544., 0., 272., 612.,
       0., 340., 0., 0., 340., 68., 0., 340., 136., 0., 340., 204., 0.,
       340., 272., 0., 340., 340., 0., 340., 408., 0., 340., 476., 0.,
       340., 544., 0., 340., 612., 0., 408., 0., 0., 408., 68., 0., 408.,
       136., 0., 408., 204., 0., 408., 272., 0., 408., 340., 0., 408.,
       408., 0., 408., 476., 0., 408., 544., 0., 408., 612., 0., 0., 0.,
       0., 0., 68., 0., 0., 136., 0., 0., 204., 0., 0., 272., 0., 0.,
