%YAML:1.0
CM1: !!opencv-matrix
   rows: 3
   cols: 3
   dt: d
   data: [ 4.6291848500568489e+02, 0., 6.0345967423964726e+02, 0.,
       4.6321282312056047e+02, 3.8076433527608879e+02, 0., 0., 1. ]
CM2: !!opencv-matrix
   rows: 3
   cols: 3
   dt: d
   data: [ 4.6291848500568489e+02, 0., 6.1017955813832214e+02, 0.,
       4.6321282312056047e+02, 3.3829605518563210e+02, 0., 0., 1. ]
D1: !!opencv-matrix
   rows: 1
   cols: 5
   dt: d
   data: [ 7.2830700435905409e-03, -4.4903925792671641e-02, 0., 0.,
       1.0963776066140896e-02 ]
D2: !!opencv-matrix
   rows: 1
   cols: 5
   dt: d
   data: [ 1.9126317401436173e-03, -3.4281482475286507e-02, 0., 0.,
       7.0625075298802013e-03 ]
object_points: !!opencv-matrix
   rows: 700
   cols: 3
   dt: f
   data: [ 0., 0., 0., 0., 68., 0., 0., 136., 0., 0., 204., 0., 0., 272.,
       0., 0., 340., 0., 0., 408., 0., 0., 476., 0., 0., 544., 0., 0.,
       612., 0., 68., 0., 0., 68., 68., 0., 68., 136., 0., 68., 204., 0.,
       68., 272., 0., 68., 340., 0., 68., 408., 0., 68., 476., 0., 68.,
       544., 0., 68., 612., 0., 136., 0., 0., 136., 68., 0., 136., 136.,
       0., 136., 204., 0., 136., 272., 0., 136., 340., 0., 136., 408.,
       0., 136., 476., 0., 136., 544., 0., 136., 612., 0., 204., 0., 0.,
       204., 68., 0., 204., 136., 0., 204., 204., 0., 204., 272., 0.,
       204., 340., 0., 204., 408., 0., 204., 476., 0., 204., 544., 0.,
       204., 612., 0., 272., 0., 0., 272., 68., 0., 272., 136., 0., 272.,
       204., 0., 272., 272., 0., 272., 340., 0., 272., 408., 0., 272.,
       476., 0., 272., 544., 0., 272., 612., 0., 340., 0., 0., 340., 68.,
       0., 340., 136., 0., 340., 204., 0., 340., 272., 0., 340., 340.,
       0., 340., 408., 0., 340., 476., 0., 340., 544., 0., 340., 612.,
       0., 408., 0., 0., 408., 68., 0., 408., 136., 0., 408., 204., 0.,
       408., 272., 0., 408., 340., 0., 408., 408., 0., 408., 476., 0.,
       408., 544., 0., 408., 612., 0., 0., 0., 0., 0., 68., 0., 0., 136.,
       0., 0., 204., 0., 0., 272., 0., 0., 340., 0., 0., 408., 0., 0.,
       476., 0., 0., 544., 0., 0., 612., 0., 68., 0., 0., 68., 68., 0.,
       68., 136., 0., 68., 204., 0., 68., 272., 0., 68., 340., 0., 68.,
       408., 0., 68., 476., 0., 68., 544., 0., 68., 612., 0., 136., 0.,
       0., 136., 68., 0., 136., 136., 0., 136., 204., 0., 136., 272., 0.,
       136., 340., 0., 136., 408., 0., 136., 476., 0., 136., 544., 0.,
       136., 612., 0., 204., 0., 0., 204., 68., 0., 204., 136., 0., 204.,
       204., 0., 204., 272., 0., 204., 340., 0., 204., 408., 0., 204.,
       476., 0., 204., 544., 0., 204., 612., 0., 272., 0., 0., 272., 68.,
       0., 272., 136., 0., 272., 204., 0., 272., 272., 0., 272., 340.,
       0., 272., 408., 0., 272., 476., 0., 272., 544., 0., 272., 612.,
       0., 340., 0., 0., 340., 68., 0., 340., 136., 0., 340., 204., 0.,
       340., 272., 0., 340., 340., 0., 340., 408., 0., 340., 476., 0.,
       340., 544., 0., 340., 612., 0., 408., 0., 0., 408., 68., 0., 408.,
       136., 0., 408., 204., 0., 408., 272., 0., 408., 340., 0., 408.,
       408., 0., 408., 476., 0., 408., 544., 0., 408., 612., 0., 0., 0.,
       0., 0., 68., 0., 0., 136., 0., 0., 204., 0., 0., 272., 0., 0.,
       340., 0., 0., 408., 0., 0., 476., 0., 0., 544., 0., 0., 612., 0.,
       68., 0., 0., 68., 68., 0., 68., 136., 0., 68., 204., 0., 68.,
       272., 0., 68., 340., 0., 68., 408., 0., 68., 476., 0., 68., 544.,
       0., 68., 612., 0., 136., 0., 0., 136., 68., 0., 136., 136., 0.,
       136., 204., 0., 136., 272., 0., 136., 340., 0., 136., 408., 0.,
       136., 476., 0., 136., 544., 0., 136., 612., 0., 204., 0., 0.,
       204., 68., 0., 204., 136., 0., 204., 204., 0., 204., 272., 0.,
       204., 340., 0., 204., 408., 0., 204., 476., 0., 204., 544., 0.,
       204., 612., 0., 272., 0., 0., 272., 68., 0., 272., 136., 0., 272.,
       204., 0., 272., 272., 0., 272., 340., 0., 272., 408., 0., 272.,
       476., 0., 272., 544., 0., 272., 612., 0., 340., 0., 0., 340., 68.,
       0., 340., 136., 0., 340., 204., 0., 340., 272., 0., 340., 340.,
       0., 340., 408., 0., 340., 476., 0., 340., 544., 0., 340., 612.,
       0., 408., 0., 0., 408., 68., 0., 408., 136., 0., 408., 204., 0.,
       408., 272., 0., 408., 340., 0., 408., 408., 0., 408., 476., 0.,
       408., 544., 0., 408., 612., 0., 0., 0., 0., 0., 68., 0., 0., 136.,
       0., 0., 204., 0., 0., 272., 0., 0., 340., 0., 0., 408., 0., 0.,
       476., 0., 0., 544., 0., 0., 612., 0., 68., 0., 0., 68., 68., 0.,
       68., 136., 0., 68., 204., 0., 68., 272., 0., 68., 340., 0., 68.,
       408., 0., 68., 476., 0., 68., 544., 0., 68., 612., 0., 136., 0.,
       0., 136., 68., 0., 136., 136., 0., 136., 204., 0., 136., 272., 0.,
       136., 340., 0., 136., 408., 0., 136., 476., 0., 136., 544., 0.,
       136., 612., 0., 204., 0., 0., 204., 68., 0., 204., 136., 0., 204.,
       204., 0., 204., 272., 0., 204., 340., 0., 204., 408., 0., 204.,
       476., 0., 204., 544., 0., 204., 612., 0., 272., 0., 0., 272., 68.,
       0., 272., 136., 0., 272., 204., 0., 272., 272., 0., 272., 340.,
       0., 272., 408., 0., 272., 476., 0., 272., 544., 0., 272., 612.,
       0., 340., 0., 0., 340., 68., 0., 340., 136., 0., 340., 204., 0.,
       340., 272., 0., 340., 340., 0., 340., 408., 0., 340., 476., 0.,
       340., 544., 0., 340., 612., 0., 408., 0., 0., 408., 68., 0., 408.,
       136., 0., 408., 204., 0., 408., 272., 0., 408., 340., 0., 408.,
       408., 0., 408., 476., 0., 408., 544., 0., 408., 612., 0., 0., 0.,
       0., 0., 68., 0., 0., 136., 0., 0., 204., 0., 0., 272., 0., 0.,
       340., 0., 0., 408., 0., 0., 476., 0., 0., 544., 0., 0., 612., 0.,
       68., 0., 0., 68., 68., 0., 68., 136., 0., 68., 204., 0., 68.,
       272., 0., 68., 340., 0., 68., 408., 0., 68., 476., 0., 68., 544.,
       0., 68., 612., 0., 136., 0., 0., 136., 68., 0., 136., 136., 0.,
       136., 204., 0., 136., 272., 0., 136., 340., 0., 136., 408., 0.,
       136., 476., 0., 136., 544., 0., 136., 612., 0., 204., 0., 0.,
       204., 68., 0., 204., 136., 0., 204., 204., 0., 204., 272., 0.,
       204., 340., 0., 204., 408., 0., 204., 476., 0., 204., 544., 0.,
       204., 612., 0., 272., 0., 0., 272., 68., 0., 272., 136., 0., 272.,
       204., 0., 272., 272., 0., 272., 340., 0., 272., 408., 0., 272.,
       476., 0., 272., 544., 0., 272., 612., 0., 340., 0., 0., 340., 68.,
       0., 340., 136., 0., 340., 204., 0., 340., 272., 0., 340., 340.,
       0., 340., 408., 0., 340., 476., 0., 340., 544., 0., 340., 612.,
       0., 408., 0., 0., 408., 68., 0., 408., 136., 0., 408., 204., 0.,
       408., 272., 0., 408., 340., 0., 408., 408., 0., 408., 476., 0.,
       408., 544., 0., 408., 612., 0., 0., 0., 0., 0., 68., 0., 0., 136.,
       0., 0., 204., 0., 0., 272., 0., 0., 340., 0., 0., 408., 0., 0.,
       476., 0., 0., 544., 0., 0., 612., 0., 68., 0., 0., 68., 68., 0.,
       68., 136., 0., 68., 204., 0., 68., 272., 0., 68., 340., 0., 68.,
       408., 0., 68., 476., 0., 68., 544., 0., 68., 612., 0., 136., 0.,
       0., 136., 68., 0., 136., 136., 0., 136., 204., 0., 136., 272., 0.,
       136., 340., 0., 136., 408., 0., 136., 476., 0., 136., 544., 0.,
       136., 612., 0., 204., 0., 0., 204., 68., 0., 204., 136., 0., 204.,
       204., 0., 204., 272., 0., 204., 340., 0., 204., 408., 0., 204.,
       476., 0., 204., 544., 0., 204., 612., 0., 272., 0., 0., 272., 68.,
       0., 272., 136., 0., 272., 204., 0., 272., 272., 0., 272., 340.,
       0., 272., 408., 0., 272., 476., 0., 272., 544., 0., 272., 612.,
       0., 340., 0., 0., 340., 68., 0., 340., 136., 0., 340., 204., 0.,
       340., 272., 0., 340., 340., 0., 340., 408., 0., 340., 476., 0.,
       340., 544., 0., 340., 612., 0., 408., 0., 0., 408., 68., 0., 408.,
       136., 0., 408., 204., 0., 408., 272., 0., 408., 340., 0., 408.,
       408., 0., 408., 476., 0., 408., 544., 0., 408., 612., 0., 0., 0.,
       0., 0., 68., 0., 0., 136., 0., 0., 204., 0., 0., 272., 0., 0.,
