%YAML:1.0
CM1: !!opencv-matrix
   rows: 3
   cols: 3
   dt: d
   data: [ 1.8837358324831601e+02, 0., 2.9914334742069576e+02, 0.,
       1.8836203593055487e+02, 1.9306582422006741e+02, 0., 0., 1. ]
CM2: !!opencv-matrix
   rows: 3
   cols: 3
   dt: d
   data: [ 1.8919682658075229e+02, 0., 3.0985493292937878e+02, 0.,
       1.8846232288015250e+02, 1.7040958745895847e+02, 0., 0., 1. ]
D1: !!opencv-matrix
   rows: 1
   cols: 5
   dt: d
   data: [ -1.7173689649356953e-02, -9.5310342805450567e-03, 0., 0.,
       1.5371765448706155e-03 ]
D2: !!opencv-matrix
   rows: 1
   cols: 5
   dt: d
   data: [ -1.4308157055730113e-02, -1.3034960560167858e-02, 0., 0.,
       2.2155844571317526e-03 ]
object_points: !!opencv-matrix
   rows: 700
   cols: 3
   dt: f
   data: [ 0., 0., 0., 0., 68., 0., 0., 136., 0., 0., 204., 0., 0., 272.,
       0., 0., 340., 0., 0., 408., 0., 0., 476., 0., 0., 544., 0., 0.,
       612., 0., 68., 0., 0., 68., 68., 0., 68., 136., 0., 68., 204., 0.,
       68., 272., 0., 68., 340., 0., 68., 408., 0., 68., 476., 0., 68.,
       544., 0., 68., 612., 0., 136., 0., 0., 136., 68., 0., 136., 136.,
       0., 136., 204., 0., 136., 272., 0., 136., 340., 0., 136., 408.,
       0., 136., 476., 0., 136., 544., 0., 136., 612., 0., 204., 0., 0.,
       204., 68., 0., 204., 136., 0., 204., 204., 0., 204., 272., 0.,
       204., 340., 0., 204., 408., 0., 204., 476., 0., 204., 544., 0.,
       204., 612., 0., 272., 0., 0., 272., 68., 0., 272., 136., 0., 272.,
       204., 0., 272., 272., 0., 272., 340., 0., 272., 408., 0., 272.,
       476., 0., 272., 544., 0., 272., 612., 0., 340., 0., 0., 340., 68.,
       0., 340., 136., 0., 340., 204., 0., 340., 272., 0., 340., 340.,
       0., 340., 408., 0., 340., 476., 0., 340., 544., 0., 340., 612.,
       0., 408., 0., 0., 408., 68., 0., 408., 136., 0., 408., 204., 0.,
       408., 272., 0., 408., 340., 0., 408., 408., 0., 408., 476., 0.,
       408., 544., 0., 408., 612., 0., 0., 0., 0., 0., 68., 0., 0., 136.,
       0., 0., 204., 0., 0., 272., 0., 0., 340., 0., 0., 408., 0., 0.,
       476., 0., 0., 544., 0., 0., 612., 0., 68., 0., 0., 68., 68., 0.,
       68., 136., 0., 68., 204., 0., 68., 272., 0., 68., 340., 0., 68.,
       408., 0., 68., 476., 0., 68., 544., 0., 68., 612., 0., 136., 0.,
       0., 136., 68., 0., 136., 136., 0., 136., 204., 0., 136., 272., 0.,
       136., 340., 0., 136., 408., 0., 136., 476., 0., 136., 544., 0.,
       136., 612., 0., 204., 0., 0., 204., 68., 0., 204., 136., 0., 204.,
       204., 0., 204., 272., 0., 204., 340., 0., 204., 408., 0., 204.,
       476., 0., 204., 544., 0., 204., 612., 0., 272., 0., 0., 272., 68.,
       0., 272., 136., 0., 272., 204., 0., 272., 272., 0., 272., 340.,
       0., 272., 408., 0., 272., 476., 0., 272., 544., 0., 272., 612.,
       0., 340., 0., 0., 340., 68., 0., 340., 136., 0., 340., 204., 0.,
       340., 272., 0., 340., 340., 0., 340., 408., 0., 340., 476., 0.,
       340., 544., 0., 340., 612., 0., 408., 0., 0., 408., 68., 0., 408.,
       136., 0., 408., 204., 0., 408., 272., 0., 408., 340., 0., 408.,
       408., 0., 408., 476., 0., 408., 544., 0., 408., 612., 0., 0., 0.,
       0., 0., 68., 0., 0., 136., 0., 0., 204., 0., 0., 272., 0., 0.,
       340., 0., 0., 408., 0., 0., 476., 0., 0., 544., 0., 0., 612., 0.,
       68., 0., 0., 68., 68., 0., 68., 136., 0., 68., 204., 0., 68.,
       272., 0., 68., 340., 0., 68., 408., 0., 68., 476., 0., 68., 544.,
       0., 68., 612., 0., 136., 0., 0., 136., 68., 0., 136., 136., 0.,
       136., 204., 0., 136., 272., 0., 136., 340., 0., 136., 408., 0.,
       136., 476., 0., 136., 544., 0., 136., 612., 0., 204., 0., 0.,
       204., 68., 0., 204., 136., 0., 204., 204., 0., 204., 272., 0.,
       204., 340., 0., 204., 408., 0., 204., 476., 0., 204., 544., 0.,
       204., 612., 0., 272., 0., 0., 272., 68., 0., 272., 136., 0., 272.,
       204., 0., 272., 272., 0., 272., 340., 0., 272., 408., 0., 272.,
       476., 0., 272., 544., 0., 272., 612., 0., 340., 0., 0., 340., 68.,
       0., 340., 136., 0., 340., 204., 0., 340., 272., 0., 340., 340.,
       0., 340., 408., 0., 340., 476., 0., 340., 544., 0., 340., 612.,
       0., 408., 0., 0., 408., 68., 0., 408., 136., 0., 408., 204., 0.,
       408., 272., 0., 408., 340., 0., 408., 408., 0., 408., 476., 0.,
       408., 544., 0., 408., 612., 0., 0., 0., 0., 0., 68., 0., 0., 136.,
       0., 0., 204., 0., 0., 272., 0., 0., 340., 0., 0., 408., 0., 0.,
       476., 0., 0., 544., 0., 0., 612., 0., 68., 0., 0., 68., 68., 0.,
       68., 136., 0., 68., 204., 0., 68., 272., 0., 68., 340., 0., 68.,
       408., 0., 68., 476., 0., 68., 544., 0., 68., 612., 0., 136., 0.,
       0., 136., 68., 0., 136., 136., 0., 136., 204., 0., 136., 272., 0.,
       136., 340., 0., 136., 408., 0., 136., 476., 0., 136., 544., 0.,
       136., 612., 0., 204., 0., 0., 204., 68., 0., 204., 136., 0., 204.,
       204., 0., 204., 272., 0., 204., 340., 0., 204., 408., 0., 204.,
       476., 0., 204., 544., 0., 204., 612., 0., 272., 0., 0., 272., 68.,
       0., 272., 136., 0., 272., 204., 0., 272., 272., 0., 272., 340.,
       0., 272., 408., 0., 272., 476., 0., 272., 544., 0., 272., 612.,
       0., 340., 0., 0., 340., 68., 0., 340., 136., 0., 340., 204., 0.,
       340., 272., 0., 340., 340., 0., 340., 408., 0., 340., 476., 0.,
       340., 544., 0., 340., 612., 0., 408., 0., 0., 408., 68., 0., 408.,
       136., 0., 408., 204., 0., 408., 272., 0., 408., 340., 0., 408.,
       408., 0., 408., 476., 0., 408., 544., 0., 408., 612., 0., 0., 0.,
       0., 0., 68., 0., 0., 136., 0., 0., 204., 0., 0., 272., 0., 0.,
       340., 0., 0., 408., 0., 0., 476., 0., 0., 544., 0., 0., 612., 0.,
       68., 0., 0., 68., 68., 0., 68., 136., 0., 68., 204., 0., 68.,
       272., 0., 68., 340., 0., 68., 408., 0., 68., 476., 0., 68., 544.,
       0., 68., 612., 0., 136., 0., 0., 136., 68., 0., 136., 136., 0.,
       136., 204., 0., 136., 272., 0., 136., 340., 0., 136., 408., 0.,
       136., 476., 0., 136., 544., 0., 136., 612., 0., 204., 0., 0.,
       204., 68., 0., 204., 136., 0., 204., 204., 0., 204., 272., 0.,
       204., 340., 0., 204., 408., 0., 204., 476., 0., 204., 544., 0.,
       204., 612., 0., 272., 0., 0., 272., 68., 0., 272., 136., 0., 272.,
       204., 0., 272., 272., 0., 272., 340., 0., 272., 408., 0., 272.,
       476., 0., 272., 544., 0., 272., 612., 0., 340., 0., 0., 340., 68.,
       0., 340., 136., 0., 340., 204., 0., 340., 272., 0., 340., 340.,
       0., 340., 408., 0., 340., 476., 0., 340., 544., 0., 340., 612.,
       0., 408., 0., 0., 408., 68., 0., 408., 136., 0., 408., 204., 0.,
       408., 272., 0., 408., 340., 0., 408., 408., 0., 408., 476., 0.,
       408., 544., 0., 408., 612., 0., 0., 0., 0., 0., 68., 0., 0., 136.,
       0., 0., 204., 0., 0., 272., 0., 0., 340., 0., 0., 408., 0., 0.,
       476., 0., 0., 544., 0., 0., 612., 0., 68., 0., 0., 68., 68., 0.,
       68., 136., 0., 68., 204., 0., 68., 272., 0., 68., 340., 0., 68.,
       408., 0., 68., 476., 0., 68., 544., 0., 68., 612., 0., 136., 0.,
       0., 136., 68., 0., 136., 136., 0., 136., 204., 0., 136., 272., 0.,
       136., 340., 0., 136., 408., 0., 136., 476., 0., 136., 544., 0.,
       136., 612., 0., 204., 0., 0., 204., 68., 0., 204., 136., 0., 204.,
       204., 0., 204., 272., 0., 204., 340., 0., 204., 408., 0., 204.,
       476., 0., 204., 544., 0., 204., 612., 0., 272., 0., 0., 272., 68.,
       0., 272., 136., 0., 272., 204., 0., 272., 272., 0., 272., 340.,
       0., 272., 408., 0., 272., 476., 0., 272., 544., 0., 272., 612.,
       0., 340., 0., 0., 340., 68., 0., 340., 136., 0., 340., 204., 0.,
       340., 272., 0., 340., 340., 0., 340., 408., 0., 340., 476., 0.,
       340., 544., 0., 340., 612., 0., 408., 0., 0., 408., 68., 0., 408.,
       136., 0., 408., 204., 0., 408., 272., 0., 408., 340., 0., 408.,
       408., 0., 408., 476., 0., 408., 544., 0., 408., 612., 0., 0., 0.,
       0., 0., 68., 0., 0., 136., 0., 0., 204., 0., 0., 272., 0., 0.,
