%YAML:1.0
CM1: !!opencv-matrix
   rows: 3
   cols: 3
   dt: d
   data: [ 4.8426595973708726e+02, 0., 5.9439627920712383e+02, 0.,
       4.8388210198118509e+02, 3.9228597109661501e+02, 0., 0., 1. ]
CM2: !!opencv-matrix
   rows: 3
   cols: 3
   dt: d
   data: [ 4.8426595973708726e+02, 0., 6.1317883140666584e+02, 0.,
       4.8388210198118509e+02, 3.4155486509259737e+02, 0., 0., 1. ]
D1: !!opencv-matrix
   rows: 1
   cols: 5
   dt: d
   data: [ 2.1687940783215814e-02, -6.3271492674174562e-02, 0., 0.,
       1.7852566546953857e-02 ]
D2: !!opencv-matrix
   rows: 1
   cols: 5
   dt: d
   data: [ 1.3534153096916789e-02, -5.0139275890633377e-02, 0., 0.,
       1.1709433906052325e-02 ]
object_points: !!opencv-matrix
   rows: 700
   cols: 3
   dt: f
   data: [ 0., 0., 0., 0., 68., 0., 0., 136., 0., 0., 204., 0., 0., 272.,
       0., 0., 340., 0., 0., 408., 0., 0., 476., 0., 0., 544., 0., 0.,
       612., 0., 68., 0., 0., 68., 68., 0., 68., 136., 0., 68., 204., 0.,
       68., 272., 0., 68., 340., 0., 68., 408., 0., 68., 476., 0., 68.,
       544., 0., 68., 612., 0., 136., 0., 0., 136., 68., 0., 136., 136.,
       0., 136., 204., 0., 136., 272., 0., 136., 340., 0., 136., 408.,
       0., 136., 476., 0., 136., 544., 0., 136., 612., 0., 204., 0., 0.,
       204., 68., 0., 204., 136., 0., 204., 204., 0., 204., 272., 0.,
       204., 340., 0., 204., 408., 0., 204., 476., 0., 204., 544., 0.,
       204., 612., 0., 272., 0., 0., 272., 68., 0., 272., 136., 0., 272.,
       204., 0., 272., 272., 0., 272., 340., 0., 272., 408., 0., 272.,
       476., 0., 272., 544., 0., 272., 612., 0., 340., 0., 0., 340., 68.,
       0., 340., 136., 0., 340., 204., 0., 340., 272., 0., 340., 340.,
       0., 340., 408., 0., 340., 476., 0., 340., 544., 0., 340., 612.,
       0., 408., 0., 0., 408., 68., 0., 408., 136., 0., 408., 204., 0.,
       408., 272., 0., 408., 340., 0., 408., 408., 0., 408., 476., 0.,
       408., 544., 0., 408., 612., 0., 0., 0., 0., 0., 68., 0., 0., 136.,
       0., 0., 204., 0., 0., 272., 0., 0., 340., 0., 0., 408., 0., 0.,
       476., 0., 0., 544., 0., 0., 612., 0., 68., 0., 0., 68., 68., 0.,
       68., 136., 0., 68., 204., 0., 68., 272., 0., 68., 340., 0., 68.,
       408., 0., 68., 476., 0., 68., 544., 0., 68., 612., 0., 136., 0.,
       0., 136., 68., 0., 136., 136., 0., 136., 204., 0., 136., 272., 0.,
       136., 340., 0., 136., 408., 0., 136., 476., 0., 136., 544., 0.,
       136., 612., 0., 204., 0., 0., 204., 68., 0., 204., 136., 0., 204.,
       204., 0., 204., 272., 0., 204., 340., 0., 204., 408., 0., 204.,
       476., 0., 204., 544., 0., 204., 612., 0., 272., 0., 0., 272., 68.,
       0., 272., 136., 0., 272., 204., 0., 272., 272., 0., 272., 340.,
       0., 272., 408., 0., 272., 476., 0., 272., 544., 0., 272., 612.,
       0., 340., 0., 0., 340., 68., 0., 340., 136., 0., 340., 204., 0.,
       340., 272., 0., 340., 340., 0., 340., 408., 0., 340., 476., 0.,
       340., 544., 0., 340., 612., 0., 408., 0., 0., 408., 68., 0., 408.,
       136., 0., 408., 204., 0., 408., 272., 0., 408., 340., 0., 408.,
       408., 0., 408., 476., 0., 408., 544., 0., 408., 612., 0., 0., 0.,
       0., 0., 68., 0., 0., 136., 0., 0., 204., 0., 0., 272., 0., 0.,
       340., 0., 0., 408., 0., 0., 476., 0., 0., 544., 0., 0., 612., 0.,
       68., 0., 0., 68., 68., 0., 68., 136., 0., 68., 204., 0., 68.,
       272., 0., 68., 340., 0., 68., 408., 0., 68., 476., 0., 68., 544.,
       0., 68., 612., 0., 136., 0., 0., 136., 68., 0., 136., 136., 0.,
       136., 204., 0., 136., 272., 0., 136., 340., 0., 136., 408., 0.,
       136., 476., 0., 136., 544., 0., 136., 612., 0., 204., 0., 0.,
       204., 68., 0., 204., 136., 0., 204., 204., 0., 204., 272., 0.,
       204., 340., 0., 204., 408., 0., 204., 476., 0., 204., 544., 0.,
       204., 612., 0., 272., 0., 0., 272., 68., 0., 272., 136., 0., 272.,
       204., 0., 272., 272., 0., 272., 340., 0., 272., 408., 0., 272.,
       476., 0., 272., 544., 0., 272., 612., 0., 340., 0., 0., 340., 68.,
       0., 340., 136., 0., 340., 204., 0., 340., 272., 0., 340., 340.,
       0., 340., 408., 0., 340., 476., 0., 340., 544., 0., 340., 612.,
       0., 408., 0., 0., 408., 68., 0., 408., 136., 0., 408., 204., 0.,
       408., 272., 0., 408., 340., 0., 408., 408., 0., 408., 476., 0.,
       408., 544., 0., 408., 612., 0., 0., 0., 0., 0., 68., 0., 0., 136.,
       0., 0., 204., 0., 0., 272., 0., 0., 340., 0., 0., 408., 0., 0.,
       476., 0., 0., 544., 0., 0., 612., 0., 68., 0., 0., 68., 68., 0.,
       68., 136., 0., 68., 204., 0., 68., 272., 0., 68., 340., 0., 68.,
       408., 0., 68., 476., 0., 68., 544., 0., 68., 612., 0., 136., 0.,
       0., 136., 68., 0., 136., 136., 0., 136., 204., 0., 136., 272., 0.,
       136., 340., 0., 136., 408., 0., 136., 476., 0., 136., 544., 0.,
       136., 612., 0., 204., 0., 0., 204., 68., 0., 204., 136., 0., 204.,
       204., 0., 204., 272., 0., 204., 340., 0., 204., 408., 0., 204.,
       476., 0., 204., 544., 0., 204., 612., 0., 272., 0., 0., 272., 68.,
       0., 272., 136., 0., 272., 204., 0., 272., 272., 0., 272., 340.,
       0., 272., 408., 0., 272., 476., 0., 272., 544., 0., 272., 612.,
       0., 340., 0., 0., 340., 68., 0., 340., 136., 0., 340., 204., 0.,
       340., 272., 0., 340., 340., 0., 340., 408., 0., 340., 476., 0.,
       340., 544., 0., 340., 612., 0., 408., 0., 0., 408., 68., 0., 408.,
       136., 0., 408., 204., 0., 408., 272., 0., 408., 340., 0., 408.,
       408., 0., 408., 476., 0., 408., 544., 0., 408., 612., 0., 0., 0.,
       0., 0., 68., 0., 0., 136., 0., 0., 204., 0., 0., 272., 0., 0.,
       340., 0., 0., 408., 0., 0., 476., 0., 0., 544., 0., 0., 612., 0.,
       68., 0., 0., 68., 68., 0., 68., 136., 0., 68., 204., 0., 68.,
       272., 0., 68., 340., 0., 68., 408., 0., 68., 476., 0., 68., 544.,
       0., 68., 612., 0., 136., 0., 0., 136., 68., 0., 136., 136., 0.,
       136., 204., 0., 136., 272., 0., 136., 340., 0., 136., 408., 0.,
       136., 476., 0., 136., 544., 0., 136., 612., 0., 204., 0., 0.,
       204., 68., 0., 204., 136., 0., 204., 204., 0., 204., 272., 0.,
       204., 340., 0., 204., 408., 0., 204., 476., 0., 204., 544., 0.,
       204., 612., 0., 272., 0., 0., 272., 68., 0., 272., 136., 0., 272.,
       204., 0., 272., 272., 0., 272., 340., 0., 272., 408., 0., 272.,
       476., 0., 272., 544., 0., 272., 612., 0., 340., 0., 0., 340., 68.,
       0., 340., 136., 0., 340., 204., 0., 340., 272., 0., 340., 340.,
       0., 340., 408., 0., 340., 476., 0., 340., 544., 0., 340., 612.,
       0., 408., 0., 0., 408., 68., 0., 408., 136., 0., 408., 204., 0.,
       408., 272., 0., 408., 340., 0., 408., 408., 0., 408., 476., 0.,
       408., 544., 0., 408., 612., 0., 0., 0., 0., 0., 68., 0., 0., 136.,
       0., 0., 204., 0., 0., 272., 0., 0., 340., 0., 0., 408., 0., 0.,
       476., 0., 0., 544., 0., 0., 612., 0., 68., 0., 0., 68., 68., 0.,
       68., 136., 0., 68., 204., 0., 68., 272., 0., 68., 340., 0., 68.,
       408., 0., 68., 476., 0., 68., 544., 0., 68., 612., 0., 136., 0.,
       0., 136., 68., 0., 136., 136., 0., 136., 204., 0., 136., 272., 0.,
       136., 340., 0., 136., 408., 0., 136., 476., 0., 136., 544., 0.,
       136., 612., 0., 204., 0., 0., 204., 68., 0., 204., 136., 0., 204.,
       204., 0., 204., 272., 0., 204., 340., 0., 204., 408., 0., 204.,
       476., 0., 204., 544., 0., 204., 612., 0., 272., 0., 0., 272., 68.,
       0., 272., 136., 0., 272., 204., 0., 272., 272., 0., 272., 340.,
       0., 272., 408., 0., 272., 476., 0., 272., 544., 0., 272., 612.,
       0., 340., 0., 0., 340., 68., 0., 340., 136., 0., 340., 204., 0.,
       340., 272., 0., 340., 340., 0., 340., 408., 0., 340., 476., 0.,
       340., 544., 0., 340., 612., 0., 408., 0., 0., 408., 68., 0., 408.,
       136., 0., 408., 204., 0., 408., 272., 0., 408., 340., 0., 408.,
       408., 0., 408., 476., 0., 408., 544., 0., 408., 612., 0., 0., 0.,
       0., 0., 68., 0., 0., 136., 0., 0., 204., 0., 0., 272., 0., 0.,
