<?xml version="1.0"?>
<opencv_storage>
<intrinsic type_id="opencv-matrix">
  <rows>3</rows>
  <cols>3</cols>
  <dt>f</dt>
  <data>
    4.72810852e+02 0. 6.10762024e+02 0. 4.69817505e+02 3.65657227e+02 0.
    0. 1.</data></intrinsic>
<rotation type_id="opencv-matrix">
  <rows>1</rows>
  <cols>3</cols>
  <dt>f</dt>
  <data>
    1.93678820e+00 -2.12843108e+00 3.86329830e-01</data></rotation>
<translation type_id="opencv-matrix">
  <rows>1</rows>
  <cols>3</cols>
  <dt>f</dt>
  <data>
    4.75237030e+02 2.92876511e+01 3.83861969e+02</data></translation>
<distortion type_id="opencv-matrix">
  <rows>1</rows>
  <cols>4</cols>
  <dt>f</dt>
  <data>
    1.28659396e-03 -2.33822018e-02 -1.13471888e-03 2.31166836e-03</data></distortion>
<object_points type_id="opencv-matrix">
  <rows>2030</rows>
  <cols>3</cols>
  <dt>f</dt>
  <data>
    0. 0. 0. 0. 68. 0. 0. 136. 0. 0. 204. 0. 0. 272. 0. 0. 340. 0. 0.
    408. 0. 0. 476. 0. 0. 544. 0. 0. 612. 0. 68. 0. 0. 68. 68. 0. 68.
    136. 0. 68. 204. 0. 68. 272. 0. 68. 340. 0. 68. 408. 0. 68. 476. 0.
    68. 544. 0. 68. 612. 0. 136. 0. 0. 136. 68. 0. 136. 136. 0. 136.
    204. 0. 136. 272. 0. 136. 340. 0. 136. 408. 0. 136. 476. 0. 136.
    544. 0. 136. 612. 0. 204. 0. 0. 204. 68. 0. 204. 136. 0. 204. 204.
    0. 204. 272. 0. 204. 340. 0. 204. 408. 0. 204. 476. 0. 204. 544. 0.
    204. 612. 0. 272. 0. 0. 272. 68. 0. 272. 136. 0. 272. 204. 0. 272.
    272. 0. 272. 340. 0. 272. 408. 0. 272. 476. 0. 272. 544. 0. 272.
    612. 0. 340. 0. 0. 340. 68. 0. 340. 136. 0. 340. 204. 0. 340. 272.
    0. 340. 340. 0. 340. 408. 0. 340. 476. 0. 340. 544. 0. 340. 612. 0.
    408. 0. 0. 408. 68. 0. 408. 136. 0. 408. 204. 0. 408. 272. 0. 408.
    340. 0. 408. 408. 0. 408. 476. 0. 408. 544. 0. 408. 612. 0. 0. 0. 0.
    0. 68. 0. 0. 136. 0. 0. 204. 0. 0. 272. 0. 0. 340. 0. 0. 408. 0. 0.
    476. 0. 0. 544. 0. 0. 612. 0. 68. 0. 0. 68. 68. 0. 68. 136. 0. 68.
    204. 0. 68. 272. 0. 68. 340. 0. 68. 408. 0. 68. 476. 0. 68. 544. 0.
    68. 612. 0. 136. 0. 0. 136. 68. 0. 136. 136. 0. 136. 204. 0. 136.
    272. 0. 136. 340. 0. 136. 408. 0. 136. 476. 0. 136. 544. 0. 136.
    612. 0. 204. 0. 0. 204. 68. 0. 204. 136. 0. 204. 204. 0. 204. 272.
    0. 204. 340. 0. 204. 408. 0. 204. 476. 0. 204. 544. 0. 204. 612. 0.
    272. 0. 0. 272. 68. 0. 272. 136. 0. 272. 204. 0. 272. 272. 0. 272.
    340. 0. 272. 408. 0. 272. 476. 0. 272. 544. 0. 272. 612. 0. 340. 0.
    0. 340. 68. 0. 340. 136. 0. 340. 204. 0. 340. 272. 0. 340. 340. 0.
    340. 408. 0. 340. 476. 0. 340. 544. 0. 340. 612. 0. 408. 0. 0. 408.
    68. 0. 408. 136. 0. 408. 204. 0. 408. 272. 0. 408. 340. 0. 408. 408.
    0. 408. 476. 0. 408. 544. 0. 408. 612. 0. 0. 0. 0. 0. 68. 0. 0. 136.
    0. 0. 204. 0. 0. 272. 0. 0. 340. 0. 0. 408. 0. 0. 476. 0. 0. 544. 0.
    0. 612. 0. 68. 0. 0. 68. 68. 0. 68. 136. 0. 68. 204. 0. 68. 272. 0.
    68. 340. 0. 68. 408. 0. 68. 476. 0. 68. 544. 0. 68. 612. 0. 136. 0.
    0. 136. 68. 0. 136. 136. 0. 136. 204. 0. 136. 272. 0. 136. 340. 0.
    136. 408. 0. 136. 476. 0. 136. 544. 0. 136. 612. 0. 204. 0. 0. 204.
    68. 0. 204. 136. 0. 204. 204. 0. 204. 272. 0. 204. 340. 0. 204. 408.
    0. 204. 476. 0. 204. 544. 0. 204. 612. 0. 272. 0. 0. 272. 68. 0.
    272. 136. 0. 272. 204. 0. 272. 272. 0. 272. 340. 0. 272. 408. 0.
    272. 476. 0. 272. 544. 0. 272. 612. 0. 340. 0. 0. 340. 68. 0. 340.
    136. 0. 340. 204. 0. 340. 272. 0. 340. 340. 0. 340. 408. 0. 340.
    476. 0. 340. 544. 0. 340. 612. 0. 408. 0. 0. 408. 68. 0. 408. 136.
    0. 408. 204. 0. 408. 272. 0. 408. 340. 0. 408. 408. 0. 408. 476. 0.
    408. 544. 0. 408. 612. 0. 0. 0. 0. 0. 68. 0. 0. 136. 0. 0. 204. 0.
    0. 272. 0. 0. 340. 0. 0. 408. 0. 0. 476. 0. 0. 544. 0. 0. 612. 0.
    68. 0. 0. 68. 68. 0. 68. 136. 0. 68. 204. 0. 68. 272. 0. 68. 340. 0.
    68. 408. 0. 68. 476. 0. 68. 544. 0. 68. 612. 0. 136. 0. 0. 136. 68.
    0. 136. 136. 0. 136. 204. 0. 136. 272. 0. 136. 340. 0. 136. 408. 0.
    136. 476. 0. 136. 544. 0. 136. 612. 0. 204. 0. 0. 204. 68. 0. 204.
    136. 0. 204. 204. 0. 204. 272. 0. 204. 340. 0. 204. 408. 0. 204.
    476. 0. 204. 544. 0. 204. 612. 0. 272. 0. 0. 272. 68. 0. 272. 136.
    0. 272. 204. 0. 272. 272. 0. 272. 340. 0. 272. 408. 0. 272. 476. 0.
    272. 544. 0. 272. 612. 0. 340. 0. 0. 340. 68. 0. 340. 136. 0. 340.
    204. 0. 340. 272. 0. 340. 340. 0. 340. 408. 0. 340. 476. 0. 340.
    544. 0. 340. 612. 0. 408. 0. 0. 408. 68. 0. 408. 136. 0. 408. 204.
    0. 408. 272. 0. 408. 340. 0. 408. 408. 0. 408. 476. 0. 408. 544. 0.
    408. 612. 0. 0. 0. 0. 0. 68. 0. 0. 136. 0. 0. 204. 0. 0. 272. 0. 0.
    340. 0. 0. 408. 0. 0. 476. 0. 0. 544. 0. 0. 612. 0. 68. 0. 0. 68.
    68. 0. 68. 136. 0. 68. 204. 0. 68. 272. 0. 68. 340. 0. 68. 408. 0.
    68. 476. 0. 68. 544. 0. 68. 612. 0. 136. 0. 0. 136. 68. 0. 136. 136.
    0. 136. 204. 0. 136. 272. 0. 136. 340. 0. 136. 408. 0. 136. 476. 0.
    136. 544. 0. 136. 612. 0. 204. 0. 0. 204. 68. 0. 204. 136. 0. 204.
    204. 0. 204. 272. 0. 204. 340. 0. 204. 408. 0. 204. 476. 0. 204.
    544. 0. 204. 612. 0. 272. 0. 0. 272. 68. 0. 272. 136. 0. 272. 204.
    0. 272. 272. 0. 272. 340. 0. 272. 408. 0. 272. 476. 0. 272. 544. 0.
    272. 612. 0. 340. 0. 0. 340. 68. 0. 340. 136. 0. 340. 204. 0. 340.
    272. 0. 340. 340. 0. 340. 408. 0. 340. 476. 0. 340. 544. 0. 340.
    612. 0. 408. 0. 0. 408. 68. 0. 408. 136. 0. 408. 204. 0. 408. 272.
    0. 408. 340. 0. 408. 408. 0. 408. 476. 0. 408. 544. 0. 408. 612. 0.
    0. 0. 0. 0. 68. 0. 0. 136. 0. 0. 204. 0. 0. 272. 0. 0. 340. 0. 0.
    408. 0. 0. 476. 0. 0. 544. 0. 0. 612. 0. 68. 0. 0. 68. 68. 0. 68.
    136. 0. 68. 204. 0. 68. 272. 0. 68. 340. 0. 68. 408. 0. 68. 476. 0.
    68. 544. 0. 68. 612. 0. 136. 0. 0. 136. 68. 0. 136. 136. 0. 136.
    204. 0. 136. 272. 0. 136. 340. 0. 136. 408. 0. 136. 476. 0. 136.
    544. 0. 136. 612. 0. 204. 0. 0. 204. 68. 0. 204. 136. 0. 204. 204.
    0. 204. 272. 0. 204. 340. 0. 204. 408. 0. 204. 476. 0. 204. 544. 0.
    204. 612. 0. 272. 0. 0. 272. 68. 0. 272. 136. 0. 272. 204. 0. 272.
    272. 0. 272. 340. 0. 272. 408. 0. 272. 476. 0. 272. 544. 0. 272.
    612. 0. 340. 0. 0. 340. 68. 0. 340. 136. 0. 340. 204. 0. 340. 272.
    0. 340. 340. 0. 340. 408. 0. 340. 476. 0. 340. 544. 0. 340. 612. 0.
    408. 0. 0. 408. 68. 0. 408. 136. 0. 408. 204. 0. 408. 272. 0. 408.
    340. 0. 408. 408. 0. 408. 476. 0. 408. 544. 0. 408. 612. 0. 0. 0. 0.
    0. 68. 0. 0. 136. 0. 0. 204. 0. 0. 272. 0. 0. 340. 0. 0. 408. 0. 0.
    476. 0. 0. 544. 0. 0. 612. 0. 68. 0. 0. 68. 68. 0. 68. 136. 0. 68.
    204. 0. 68. 272. 0. 68. 340. 0. 68. 408. 0. 68. 476. 0. 68. 544. 0.
    68. 612. 0. 136. 0. 0. 136. 68. 0. 136. 136. 0. 136. 204. 0. 136.
    272. 0. 136. 340. 0. 136. 408. 0. 136. 476. 0. 136. 544. 0. 136.
    612. 0. 204. 0. 0. 204. 68. 0. 204. 136. 0. 204. 204. 0. 204. 272.
    0. 204. 340. 0. 204. 408. 0. 204. 476. 0. 204. 544. 0. 204. 612. 0.
    272. 0. 0. 272. 68. 0. 272. 136. 0. 272. 204. 0. 272. 272. 0. 272.
    340. 0. 272. 408. 0. 272. 476. 0. 272. 544. 0. 272. 612. 0. 340. 0.
    0. 340. 68. 0. 340. 136. 0. 340. 204. 0. 340. 272. 0. 340. 340. 0.
    340. 408. 0. 340. 476. 0. 340. 544. 0. 340. 612. 0. 408. 0. 0. 408.
    68. 0. 408. 136. 0. 408. 204. 0. 408. 272. 0. 408. 340. 0. 408. 408.
    0. 408. 476. 0. 408. 544. 0. 408. 612. 0. 0. 0. 0. 0. 68. 0. 0. 136.
    0. 0. 204. 0. 0. 272. 0. 0. 340. 0. 0. 408. 0. 0. 476. 0. 0. 544. 0.
    0. 612. 0. 68. 0. 0. 68. 68. 0. 68. 136. 0. 68. 204. 0. 68. 272. 0.
    68. 340. 0. 68. 408. 0. 68. 476. 0. 68. 544. 0. 68. 612. 0. 136. 0.
    0. 136. 68. 0. 136. 136. 0. 136. 204. 0. 136. 272. 0. 136. 340. 0.
    136. 408. 0. 136. 476. 0. 136. 544. 0. 136. 612. 0. 204. 0. 0. 204.
    68. 0. 204. 136. 0. 204. 204. 0. 204. 272. 0. 204. 340. 0. 204. 408.
    0. 204. 476. 0. 204. 544. 0. 204. 612. 0. 272. 0. 0. 272. 68. 0.
    272. 136. 0. 272. 204. 0. 272. 272. 0. 272. 340. 0. 272. 408. 0.
    272. 476. 0. 272. 544. 0. 272. 612. 0. 340. 0. 0. 340. 68. 0. 340.
    136. 0. 340. 204. 0. 340. 272. 0. 340. 340. 0. 340. 408. 0. 340.
